0.36059,0.15080,
0.36059,0.14451,
0.35936,0.13823,
0.35892,0.13195,
0.35769,0.12252,
0.35645,0.11310,
0.35531,0.10681,
0.35373,0.09739,
0.35232,0.08796,
0.35100,0.07854,
0.34986,0.06911,
0.34880,0.05969,
0.34792,0.05341,
0.34722,0.04712,
0.34669,0.04084,
0.34625,0.03456,
0.34599,0.02827,
0.34590,0.02513,
0.34581,0.01885,
0.34599,0.01571,
0.34616,0.01257,
0.34643,0.00942,
0.34678,0.00628,
0.34722,0.00314,
0.34783,0.00000,
0.34836,0.00000,
0.34906,-0.00314,
0.34977,-0.00314,
0.35047,-0.00628,
0.35126,-0.00628,
0.35206,-0.00628,
0.35293,-0.00628,
0.35381,-0.00628,
0.35478,-0.00942,
0.35575,-0.00942,
0.35689,-0.00942,
0.35804,-0.00942,
0.35936,-0.00942,
0.36068,-0.00628,
0.36200,-0.00628,
0.36332,-0.00628,
0.36472,-0.00628,
0.36613,-0.00628,
0.36763,-0.00628,
0.36912,-0.00314,
0.37062,-0.00314,
0.37211,-0.00314,
0.37370,-0.00314,
0.37528,-0.00314,
0.37677,-0.00314,
0.37827,0.00000,
0.37977,0.00000,
0.38126,0.00000,
0.38267,0.00000,
0.38416,0.00000,
0.38557,0.00000,
0.38698,0.00000,
0.38830,0.00000,
0.38971,0.00000,
0.39103,0.00000,
0.39235,0.00314,
0.39367,0.00314,
0.39498,0.00314,
0.39622,0.00314,
0.39754,0.00000,
0.39877,0.00000,
0.40000,0.00000,
0.40114,0.00000,
0.40237,0.00000,
0.40352,0.00000,
0.40466,0.00000,
0.40589,-0.00314,
0.40704,-0.00314,
0.40818,-0.00314,
0.40932,-0.00314,
0.41047,-0.00314,
0.41152,-0.00628,
0.41258,-0.00628,
0.41372,-0.00628,
0.41478,-0.00628,
0.41583,-0.00942,
0.41680,-0.00942,
0.41786,-0.00942,
0.41882,-0.01257,
0.41979,-0.01257,
0.42085,-0.01571,
0.42182,-0.01571,
0.42287,-0.01571,
0.42384,-0.01885,
0.42489,-0.01885,
0.42586,-0.01885,
0.42683,-0.02199,
0.42789,-0.02199,
0.42894,-0.02513,
0.42991,-0.02513,
0.43096,-0.02513,
0.43193,-0.02827,
0.43299,-0.02827,
0.43396,-0.03142,
0.43501,-0.03142,
0.43607,-0.03456,
0.43712,-0.03456,
0.43818,-0.03770,
0.43932,-0.03770,
0.44046,-0.04084,
0.44161,-0.04084,
0.44275,-0.04084,
0.44390,-0.04398,
0.44513,-0.04398,
0.44636,-0.04712,
0.44768,-0.04712,
0.44891,-0.05027,
0.45023,-0.05027,
0.45155,-0.05027,
0.45296,-0.05341,
0.45436,-0.05341,
0.45586,-0.05341,
0.45736,-0.05655,
0.45894,-0.05655,
0.46052,-0.05655,
0.46219,-0.05969,
0.46386,-0.05969,
0.46562,-0.05969,
0.46738,-0.05969,
0.46923,-0.05969,
0.47117,-0.06283,
0.47310,-0.06283,
0.47504,-0.06283,
0.47715,-0.06283,
0.47926,-0.06283,
0.48146,-0.06283,
0.48366,-0.06283,
0.48595,-0.06283,
0.48832,-0.06283,
0.49070,-0.06283,
0.49316,-0.06283,
0.49571,-0.06283,
0.49826,-0.05969,
0.50099,-0.05969,
0.50372,-0.05969,
0.50644,-0.05969,
0.50926,-0.05655,
0.51225,-0.05655,
0.51515,-0.05341,
0.51823,-0.05341,
0.52131,-0.05027,
0.52448,-0.05027,
0.52773,-0.04712,
0.53099,-0.04712,
0.53442,-0.04398,
0.53785,-0.04398,
0.54137,-0.04084,
0.54497,-0.03770,
0.54858,-0.03456,
0.55227,-0.03142,
0.55597,-0.03142,
0.55984,-0.02827,
0.56371,-0.02513,
0.56767,-0.02199,
0.57163,-0.01571,
0.57559,-0.01257,
0.57963,-0.00942,
0.58368,-0.00628,
0.58773,-0.00314,
0.59186,0.00000,
0.59600,0.00314,
0.60013,0.00942,
0.60426,0.01257,
0.60849,0.01571,
0.61262,0.01885,
0.61684,0.02199,
0.62107,0.02827,
0.62529,0.03142,
0.62951,0.03456,
0.63382,0.04084,
0.63805,0.04398,
0.64227,0.04712,
0.64658,0.05341,
0.65071,0.05655,
0.65494,0.05969,
0.65907,0.06597,
0.66320,0.06911,
0.66725,0.07226,
0.67130,0.07854,
0.67526,0.08168,
0.67913,0.08482,
0.68300,0.09111,
0.68678,0.09425,
0.69056,0.09739,
0.69417,0.10053,
0.69786,0.10367,
0.70130,0.10681,
0.70481,0.10996,
0.70816,0.11624,
0.71150,0.11938,
0.71467,0.12252,
0.71775,0.12252,
0.72082,0.12566,
0.72373,0.12881,
0.72654,0.13195,
0.72927,0.13509,
0.73182,0.13509,
0.73437,0.13823,
0.73675,0.14137,
0.73895,0.14137,
0.74106,0.14451,
0.74308,0.14451,
0.74502,0.14451,
0.74678,0.14451,
0.74845,0.14765,
0.74994,0.14765,
0.75135,0.14765,
0.75267,0.14765,
0.75381,0.14765,
0.75487,0.14765,
0.75584,0.14765,
0.75672,0.14765,
0.75742,0.14451,
0.75804,0.14451,
0.75865,0.14451,
0.75900,0.14137,
0.75936,0.14137,
0.75962,0.14137,
0.75980,0.13823,
0.75988,0.13823,
0.75980,0.13509,
0.75997,0.13509,
0.75980,0.13195,
0.75971,0.13195,
0.75971,0.13195,
0.75962,0.13195,
0.75953,0.12881,
0.75953,0.12881,
0.75944,0.12881,
0.75944,0.12881,
0.75936,0.12881,
0.75927,0.12881,
0.75918,0.12881,
0.75918,0.12881,
0.75909,0.13195,
0.75900,0.13195,
0.75892,0.13195,
0.75883,0.13509,
0.75874,0.13509,
0.75865,0.13823,
0.75865,0.13823,
0.75856,0.14137,
0.75856,0.14451,
0.75848,0.14765,
0.75848,0.14765,
0.75848,0.15080,
0.75848,0.15394,
0.75848,0.15708,
0.75848,0.16336,
0.75848,0.16650,
0.75848,0.16965,
0.75848,0.17279,
0.75848,0.17907,
0.75848,0.18221,
0.75848,0.18535,
0.75848,0.19164,
0.75848,0.19792,
0.75848,0.20106,
0.75848,0.20735,
0.75848,0.21363,
0.75848,0.21991,
0.75848,0.22619,
0.75848,0.23248,
0.75848,0.24190,
0.75848,0.24819,
0.75848,0.25761,
0.75848,0.26389,
0.75848,0.27332,
0.75848,0.28274,
0.75848,0.28903,
0.75848,0.29845,
0.75848,0.31102,
0.75848,0.32044,
0.75848,0.32987,
0.75848,0.34243,
0.75848,0.35186,
0.75848,0.36442,
0.75848,0.37699,
0.75848,0.38956,
0.75848,0.40212,
0.75848,0.41783,
0.75848,0.43040,
0.75848,0.44611,
0.75848,0.46181,
0.75848,0.47752,
0.75848,0.49323,
0.75848,0.51208,
0.75848,0.52779,
0.75848,0.54664,
0.75848,0.56549,
0.75848,0.58748,
Safety angle exceeded - Turning off controllers
0.75848,0.60633,
0.75848,0.62832,
0.75848,0.65031,
0.75856,0.67230,
0.75856,0.69743,
0.75856,0.72257,
0.75856,0.74770,
0.75856,0.77283,
0.75856,0.80111,
0.75856,0.82938,
0.75856,0.85765,
0.75856,0.88593,
0.75856,0.91735,
0.75856,0.95190,
0.75848,0.98332,
0.75848,1.01788,
0.75848,1.05243,
0.75848,1.09013,
0.75848,1.12783,
0.75848,1.16553,
0.75848,1.20637,
0.75848,1.24721,
0.75839,1.28805,
0.75839,1.33204,
0.75830,1.37916,
0.75830,1.42314,
0.75821,1.47027,
0.75812,1.52053,
0.75795,1.57080,
0.75786,1.62106,
0.75768,1.67447,
0.75751,1.72788,
0.75724,1.78442,
0.75698,1.84097,
0.75672,1.89752,
0.75645,1.95721,
0.75610,2.01690,
0.75575,2.07973,
0.75531,2.14257,
0.75496,2.20540,
0.75452,2.27137,
0.75399,2.33734,
0.75355,2.40332,
0.75302,2.46929,
0.75241,2.53841,
0.75188,2.61066,
0.75126,2.67978,
0.75065,2.74889,
0.75003,2.82115,
0.74933,2.89341,
0.74871,2.96566,
0.74810,3.03792,
0.74748,3.11018,
0.74686,3.18243,
0.74634,3.25469,
0.74581,3.32695,
0.74537,3.39920,
0.74493,3.46832,
0.74458,3.54058,
0.74422,3.60969,
0.74396,3.67881,
0.74378,3.74792,
0.74361,3.81389,
0.74352,3.87987,
0.74352,3.94584,
0.74352,4.00867,
0.74370,4.07465,
0.74378,4.13434,
0.74396,4.19717,
0.74422,4.25686,
0.74449,4.31341,
0.74475,4.36996,
0.74510,4.42650,
0.74546,4.47991,
0.74590,4.53332,
0.74634,4.58673,
0.74678,4.63699,
0.74722,4.68411,
0.74766,4.73438,
0.74818,4.77836,
0.74862,4.82549,
0.74915,4.86947,
0.74968,4.91031,
0.75012,4.95115,
0.75056,4.99199,
0.75109,5.02969,
0.75153,5.06739,
0.75197,5.10509,
0.75241,5.13965,
0.75276,5.17106,
0.75320,5.20562,
0.75355,5.23703,
0.75390,5.26531,
0.75425,5.29358,
0.75452,5.32186,
0.75478,5.34699,
0.75505,5.37212,
0.75522,5.39726,
0.75548,5.42239,
0.75566,5.44438,
0.75575,5.46323,
0.75592,5.48522,
0.75601,5.50407,
0.75601,5.51978,
0.75610,5.53863,
0.75610,5.55434,
0.75610,5.57004,
0.75610,5.58261,
0.75601,5.59518,
0.75601,5.60774,
0.75592,5.62031,
0.75592,5.62973,
0.75584,5.63916,
0.75575,5.64858,
0.75566,5.65801,
0.75557,5.66429,
0.75548,5.67058,
0.75540,5.67686,
0.75531,5.68314,
0.75522,5.68628,
0.75505,5.68942,
0.75496,5.69257,
0.75487,5.69571,
0.75469,5.69571,
0.75461,5.69571,
0.75452,5.69571,
0.75443,5.69571,
0.75434,5.69257,
0.75417,5.69257,
0.75408,5.68942,
0.75399,5.68314,
0.75390,5.68000,
0.75381,5.67372,
0.75373,5.66743,
0.75364,5.66115,
0.75355,5.65487,
0.75346,5.64544,
0.75337,5.63602,
0.75329,5.62659,
0.75320,5.61403,
0.75311,5.60460,
0.75302,5.59204,
0.75293,5.57947,
0.75293,5.56376,
0.75285,5.54805,
0.75276,5.53234,
0.75276,5.51664,
0.75267,5.49779,
0.75267,5.48208,
0.75258,5.46009,
0.75258,5.44124,
0.75249,5.41925,
0.75249,5.39726,
0.75249,5.37212,
0.75241,5.35013,
0.75241,5.32500,
0.75241,5.29673,
0.75241,5.26845,
0.75241,5.24018,
0.75241,5.21190,
0.75241,5.18049,
0.75249,5.14907,
0.75249,5.11451,
0.75249,5.07996,
0.75249,5.04540,
0.75249,5.00770,
0.75258,4.97000,
0.75258,4.92916,
0.75267,4.88832,
0.75276,4.84748,
0.75285,4.80350,
0.75285,4.75951,
0.75302,4.71239,
0.75311,4.66527,
0.75320,4.61500,
0.75337,4.56788,
0.75355,4.51447,
0.75373,4.46420,
0.75390,4.40765,
0.75408,4.35425,
0.75434,4.29770,
0.75461,4.24115,
0.75487,4.18146,
0.75522,4.12177,
0.75557,4.06208,
0.75592,3.99925,
0.75628,3.93642,
0.75672,3.87044,
0.75716,3.80761,
0.75760,3.74164,
0.75804,3.67566,
0.75848,3.60655,
0.75892,3.54058,
0.75936,3.47146,
0.75980,3.40234,
0.76024,3.33323,
0.76059,3.26411,
0.76094,3.19814,
0.76129,3.12903,
0.76155,3.05991,
0.76182,2.99080,
0.76199,2.92168,
0.76217,2.85571,
0.76226,2.78659,
0.76235,2.72062,
0.76235,2.65465,
0.76226,2.59181,
0.76217,2.52584,
0.76208,2.46301,
0.76191,2.40018,
0.76164,2.34049,
0.76138,2.28080,
0.76112,2.22111,
0.76076,2.16142,
0.76041,2.10487,
0.76006,2.04832,
0.75962,1.99491,
0.75918,1.94150,
0.75874,1.89124,
0.75821,1.83783,
0.75768,1.79071,
0.75716,1.74044,
0.75654,1.69646,
0.75601,1.64934,
0.75540,1.60535,
0.75478,1.56137,
0.75425,1.52053,
0.75364,1.47969,
0.75302,1.44199,
0.75249,1.40429,
0.75188,1.36973,
0.75135,1.33518,
0.75073,1.30062,
0.75021,1.26920,
0.74968,1.23779,
0.74915,1.20637,
0.74862,1.17810,
0.74818,1.15296,
0.74766,1.12469,
0.74722,1.10270,
0.74686,1.07757,
0.74642,1.05558,
0.74607,1.03358,
0.74581,1.01473,
0.74546,0.99588,
0.74519,0.97704,
0.74493,0.96133,
0.74466,0.94562,
0.74449,0.93305,
0.74431,0.92049,
0.74414,0.90792,
0.74405,0.89535,
0.74396,0.88593,
0.74387,0.87650,
0.74387,0.87022,
0.74378,0.86394,
0.74378,0.85765,
0.74387,0.85451,
0.74387,0.85137,
0.74396,0.84823,
0.74396,0.84509,
0.74405,0.84509,
0.74414,0.84509,
0.74422,0.84823,
0.74431,0.85137,
0.74440,0.85451,
0.74449,0.85765,
0.74458,0.86394,
0.74466,0.87022,
0.74475,0.87650,
0.74493,0.88593,
0.74502,0.89535,
0.74510,0.90792,
0.74528,0.91735,
0.74537,0.92991,
0.74546,0.94562,
0.74554,0.95819,
0.74563,0.97704,
0.74572,0.99274,
0.74581,1.01159,
0.74581,1.03044,
0.74590,1.04929,
0.74598,1.07128,
0.74598,1.09327,
0.74598,1.11527,
0.74607,1.14040,
0.74607,1.16867,
0.74607,1.19381,
0.74607,1.22208,
0.74607,1.25350,
0.74607,1.28177,
0.74607,1.31633,
0.74607,1.34774,
0.74598,1.38230,
0.74598,1.42000,
0.74590,1.45456,
0.74590,1.49540,
0.74581,1.53310,
0.74572,1.57394,
0.74563,1.61792,
0.74546,1.66190,
0.74537,1.70588,
0.74519,1.75301,
0.74502,1.80013,
0.74484,1.84726,
0.74466,1.89752,
0.74440,1.95093,
0.74422,2.00119,
0.74396,2.05460,
0.74361,2.11115,
0.74335,2.16770,
0.74299,2.22425,
0.74273,2.28080,
0.74229,2.34049,
0.74194,2.40018,
0.74159,2.46301,
0.74115,2.52584,
0.74071,2.58867,
0.74027,2.65150,
0.73991,2.71434,
0.73947,2.78031,
0.73903,2.84628,
0.73859,2.90911,
0.73815,2.97509,
0.73780,3.04106,
0.73736,3.10704,
0.73701,3.17301,
0.73666,3.23898,
0.73631,3.30496,
0.73604,3.37093,
0.73578,3.43376,
0.73560,3.49973,
0.73543,3.56257,
0.73525,3.62540,
0.73516,3.68823,
0.73516,3.75106,
0.73525,3.81075,
0.73534,3.87044,
0.73543,3.92699,
0.73560,3.98668,
0.73578,4.04323,
0.73604,4.09664,
0.73631,4.15319,
0.73666,4.20659,
0.73701,4.25686,
0.73728,4.30712,
0.73763,4.35739,
0.73798,4.40451,
0.73842,4.45164,
0.73877,4.49876,
0.73912,4.54274,
0.73956,4.58673,
0.73991,4.62757,
0.74035,4.66841,
0.74079,4.70611,
0.74123,4.74380,
0.74167,4.78150,
0.74211,4.81606,
0.74255,4.85062,
0.74299,4.88204,
0.74335,4.91345,
0.74370,4.94173,
0.74414,4.97000,
0.74449,4.99827,
0.74475,5.02341,
0.74510,5.04854,
0.74537,5.07053,
0.74572,5.09252,
0.74590,5.11451,
0.74616,5.13336,
0.74634,5.15221,
0.74651,5.16792,
0.74669,5.18363,
0.74686,5.19934,
0.74695,5.21190,
0.74704,5.22447,
0.74713,5.23703,
0.74713,5.24646,
0.74722,5.25274,
0.74722,5.26217,
0.74713,5.26845,
0.74713,5.27159,
0.74713,5.27473,
0.74704,5.27788,
0.74704,5.28102,
0.74695,5.28102,
0.74686,5.28102,
0.74686,5.27788,
0.74678,5.27473,
0.74669,5.27159,
0.74660,5.26531,
0.74660,5.25903,
0.74651,5.25274,
0.74642,5.24332,
0.74634,5.23389,
0.74634,5.22447,
0.74625,5.21190,
0.74616,5.19934,
0.74616,5.18363,
0.74616,5.16792,
0.74607,5.15221,
0.74607,5.13336,
0.74607,5.11451,
0.74607,5.09566,
0.74598,5.07367,
0.74598,5.05168,
0.74598,5.02655,
0.74598,5.00142,
0.74598,4.97628,
0.74598,4.94801,
0.74598,4.91973,
0.74607,4.89146,
0.74607,4.86004,
0.74607,4.82549,
0.74607,4.79093,
0.74616,4.75637,
0.74616,4.71867,
0.74625,4.68097,
0.74634,4.64327,
0.74642,4.60243,
0.74651,4.55845,
0.74660,4.51761,
0.74678,4.47363,
0.74686,4.42650,
0.74704,4.37938,
0.74722,4.33226,
0.74739,4.28199,
0.74757,4.23173,
0.74783,4.17832,
0.74801,4.12491,
0.74827,4.07150,
0.74854,4.01810,
0.74880,3.96155,
0.74915,3.90186,
0.74941,3.84531,
0.74977,3.78562,
0.75003,3.72593,
0.75038,3.66624,
0.75073,3.60341,
0.75100,3.54372,
0.75135,3.48088,
0.75170,3.41805,
0.75197,3.35522,
0.75223,3.29239,
0.75258,3.22956,
0.75276,3.16673,
0.75302,3.10389,
0.75320,3.04106,
0.75337,2.97823,
0.75346,2.91540,
0.75355,2.85257,
0.75355,2.79288,
0.75355,2.73319,
0.75355,2.67035,
0.75346,2.61381,
0.75329,2.55411,
0.75320,2.49757,
0.75293,2.43788,
0.75276,2.38447,
0.75249,2.32792,
0.75223,2.27451,
0.75188,2.22111,
0.75153,2.17084,
0.75117,2.12057,
0.75082,2.07031,
0.75038,2.02319,
0.74994,1.97606,
0.74950,1.92894,
0.74906,1.88496,
0.74854,1.84097,
0.74810,1.80013,
0.74766,1.75929,
0.74713,1.71845,
0.74669,1.68075,
0.74625,1.64619,
0.74572,1.60850,
0.74528,1.57708,
0.74484,1.54252,
0.74440,1.51111,
0.74396,1.48283,
0.74352,1.45456,
0.74308,1.42628,
0.74273,1.40115,
0.74229,1.37602,
0.74194,1.35088,
0.74159,1.32889,
0.74123,1.31004,
0.74097,1.28805,
0.74071,1.27234,
0.74044,1.25350,
0.74018,1.23779,
0.74000,1.22522,
0.73983,1.21265,
0.73974,1.20009,
0.73956,1.18752,
0.73956,1.17810,
0.73947,1.17181,
0.73939,1.16553,
0.73939,1.15925,
0.73939,1.15611,
0.73947,1.15296,
0.73947,1.14982,
0.73956,1.14982,
0.73956,1.14982,
0.73965,1.15296,
0.73974,1.15611,
0.73983,1.15925,
0.73991,1.16553,
0.74000,1.17181,
0.74009,1.17810,
0.74018,1.18752,
0.74035,1.20009,
0.74044,1.20951,
0.74053,1.22208,
0.74071,1.23779,
0.74079,1.25350,
0.74088,1.26920,
0.74097,1.28805,
0.74106,1.30690,
0.74115,1.32575,
0.74123,1.34774,
0.74132,1.36973,
0.74132,1.39487,
0.74132,1.42000,
0.74132,1.44513,
0.74132,1.47341,
0.74132,1.50482,
0.74132,1.53310,
0.74132,1.56451,
0.74132,1.59907,
0.74123,1.63363,
0.74115,1.66819,
0.74115,1.70588,
0.74106,1.74358,
0.74097,1.78442,
0.74088,1.82527,
0.74079,1.86611,
0.74062,1.91009,
0.74053,1.95407,
0.74035,2.00119,
0.74018,2.04832,
0.74000,2.09544,
0.73983,2.14571,
0.73956,2.19597,
0.73939,2.24938,
0.73912,2.29965,
0.73895,2.35305,
0.73868,2.40960,
0.73842,2.46615,
0.73815,2.51956,
0.73780,2.57925,
0.73754,2.63580,
0.73719,2.69549,
0.73692,2.75518,
0.73657,2.81173,
0.73622,2.87456,
0.73587,2.93425,
0.73560,2.99394,
0.73525,3.05363,
0.73499,3.11646,
0.73472,3.17615,
0.73455,3.23584,
0.73428,3.29867,
0.73420,3.35836,
0.73402,3.41805,
0.73402,3.47460,
0.73393,3.53429,
0.73393,3.59084,
0.73402,3.65053,
0.73411,3.70708,
0.73420,3.76049,
0.73437,3.81704,
0.73455,3.87044,
0.73472,3.92385,
0.73499,3.97411,
0.73525,4.02752,
0.73552,4.07465,
0.73587,4.12491,
0.73622,4.17204,
0.73657,4.21916,
0.73701,4.26314,
0.73736,4.30712,
0.73772,4.35111,
0.73815,4.39195,
0.73851,4.43279,
0.73895,4.47049,
0.73930,4.50819,
0.73974,4.54588,
0.74018,4.58044,
0.74053,4.61500,
0.74097,4.64642,
0.74141,4.67783,
0.74176,4.70611,
0.74220,4.73438,
0.74255,4.76265,
0.74291,4.78779,
0.74326,4.81292,